00000000000000000000000000000000
00000000000000000000000000000000
00000000000000000000000000000000
00000000000000000000000000000000
00000000000000000000000000000000
00000000000000000000000000000000
00000000000000000000000000000000
00000000000000000000000000000000
00000000000011011000000000000000
00000000000100001100000000000000
00000000000000000100000000000000
00000000000000000100000000000000
00000000000000000100000000000000
00000000000000001000000000000000
00000000000000110000000000000000
00000000000001111110000000000000
00000000000000000011000000000000
00000000000000000001000000000000
00000000000000000001000000000000
00000000000000000001000000000000
00000000000000000000000000000000
00000000000000000010000000000000
00000010000000000000000000000000
00000010000000001000000000000000
00000011000001100000000000000000
00000001111100000000000000000000
00000000000000000000000000000000
00000000000000000000000000000000
00000000000000000000000000000000
00000000000000000000000000000000
00000000000000000000000000000000
00000000000000000000000000000000
